Green Cordinates [[8, 0], [2, 18], [13, 19]]
Direction Map
[[0, 0, 1, 1], [1, 0, 1, 0], [1, 0, 1, 0], [1, 0, 1, 0], [1, 0, 1, 0], [1, 0, 1, 0], [0, 0, 1, 0], [0, 0, 1, 0], [0, 0, 1, 0], [0, 1, 1, 0], [0, 0, 1, 1], [0, 0, 1, 0], [0, 1, 1, 0], [1, 0, 1, 1], [1, 0, 1, 0], [0, 0, 1, 0], [1, 0, 1, 0], [0, 0, 1, 0], [1, 0, 1, 0], [0, 1, 1, 0]]
[[0, 0, 0, 1], [0, 0, 1, 0], [1, 0, 1, 0], [1, 0, 1, 0], [0, 1, 1, 0], [0, 0, 1, 1], [1, 1, 0, 0], [1, 0, 0, 1], [1, 1, 0, 0], [1, 0, 0, 1], [1, 0, 0, 0], [1, 1, 0, 0], [1, 0, 0, 1], [0, 0, 1, 0], [0, 1, 1, 0], [0, 1, 0, 1], [0, 0, 1, 1], [1, 1, 0, 0], [0, 0, 1, 1], [1, 1, 0, 0]]
[[0, 1, 0, 1], [0, 0, 0, 1], [1, 0, 1, 0], [0, 1, 1, 0], [1, 1, 0, 1], [1, 0, 0, 1], [0, 0, 1, 0], [0, 1, 1, 0], [0, 0, 1, 1], [1, 0, 1, 0], [0, 1, 1, 0], [1, 0, 1, 1], [0, 0, 1, 0], [0, 1, 0, 0], [0, 0, 0, 1], [1, 1, 0, 0], [0, 0, 0, 1], [1, 1, 1, 0], [1, 0, 0, 1], [1, 1, 1, 0]]
[[0, 1, 0, 1], [1, 0, 0, 1], [0, 1, 1, 0], [1, 0, 0, 1], [1, 0, 1, 0], [1, 0, 1, 0], [0, 1, 0, 0], [0, 1, 0, 1], [0, 1, 0, 1], [0, 1, 1, 1], [0, 1, 0, 1], [0, 0, 1, 1], [1, 1, 0, 0], [0, 0, 0, 1], [0, 0, 0, 0], [0, 1, 1, 0], [1, 0, 0, 1], [0, 0, 1, 0], [1, 0, 1, 0], [0, 1, 1, 0]]
[[0, 0, 0, 1], [1, 1, 1, 0], [1, 0, 0, 1], [1, 0, 1, 0], [0, 0, 1, 0], [0, 1, 1, 0], [1, 1, 0, 1], [1, 0, 0, 1], [1, 1, 0, 0], [0, 1, 0, 1], [0, 1, 0, 1], [1, 0, 0, 1], [0, 1, 1, 0], [0, 0, 0, 1], [1, 1, 0, 0], [0, 0, 0, 1], [0, 0, 1, 0], [1, 1, 0, 0], [1, 0, 1, 1], [1, 1, 0, 0]]
[[1, 0, 0, 1], [1, 0, 1, 0], [0, 1, 1, 0], [0, 0, 1, 1], [1, 0, 0, 0], [1, 0, 0, 0], [1, 1, 1, 0], [0, 0, 1, 1], [1, 0, 1, 0], [1, 1, 0, 0], [1, 0, 0, 1], [0, 1, 1, 0], [1, 0, 0, 1], [1, 0, 0, 0], [0, 0, 1, 0], [0, 1, 0, 0], [0, 0, 0, 1], [0, 1, 1, 0], [0, 0, 1, 1], [0, 1, 1, 0]]
[[0, 0, 1, 1], [0, 1, 1, 0], [0, 1, 0, 1], [0, 1, 0, 1], [0, 0, 1, 1], [0, 1, 1, 0], [0, 0, 1, 1], [1, 0, 0, 0], [1, 0, 1, 0], [1, 0, 1, 0], [0, 1, 1, 0], [0, 0, 0, 1], [0, 0, 1, 0], [0, 1, 1, 0], [1, 0, 0, 1], [0, 0, 0, 0], [0, 1, 0, 0], [1, 0, 0, 1], [1, 1, 0, 0], [0, 1, 0, 1]]
[[0, 1, 0, 1], [0, 1, 0, 1], [0, 1, 0, 1], [0, 1, 0, 1], [0, 1, 0, 1], [1, 0, 0, 1], [1, 1, 0, 0], [1, 0, 1, 1], [0, 1, 1, 0], [1, 0, 1, 1], [1, 1, 0, 0], [0, 1, 0, 1], [1, 0, 0, 1], [0, 1, 0, 0], [0, 1, 1, 1], [0, 1, 0, 1], [1, 0, 0, 1], [1, 0, 1, 0], [0, 0, 1, 0], [1, 1, 0, 0]]
[[1, 1, 0, 1], [0, 1, 0, 1], [0, 1, 0, 1], [1, 0, 0, 1], [1, 1, 0, 0], [0, 0, 1, 1], [1, 0, 1, 0], [0, 1, 1, 0], [0, 1, 0, 1], [0, 0, 1, 1], [0, 1, 1, 0], [0, 0, 0, 1], [1, 0, 1, 0], [1, 0, 0, 0], [1, 0, 0, 0], [1, 1, 0, 0], [0, 0, 1, 1], [0, 1, 1, 0], [1, 0, 0, 1], [0, 1, 1, 0]]
[[0, 0, 1, 1], [1, 1, 0, 0], [0, 1, 0, 1], [0, 0, 1, 1], [1, 0, 1, 0], [1, 1, 0, 0], [0, 1, 1, 1], [1, 0, 0, 1], [0, 0, 0, 0], [0, 1, 0, 0], [0, 0, 0, 1], [1, 1, 0, 0], [0, 0, 1, 1], [1, 0, 1, 0], [1, 0, 1, 0], [1, 0, 1, 0], [1, 1, 0, 0], [0, 1, 0, 1], [0, 1, 1, 1], [0, 1, 0, 1]]
[[0, 0, 0, 1], [0, 0, 1, 0], [1, 1, 0, 0], [1, 0, 0, 1], [0, 1, 1, 0], [1, 0, 1, 1], [0, 0, 0, 0], [1, 1, 1, 0], [0, 0, 0, 1], [0, 1, 0, 0], [0, 1, 0, 1], [0, 1, 1, 1], [1, 0, 0, 1], [1, 0, 1, 0], [0, 0, 1, 0], [0, 0, 1, 0], [0, 0, 1, 0], [1, 1, 0, 0], [1, 0, 0, 1], [0, 1, 0, 0]]
[[0, 0, 0, 1], [0, 1, 0, 0], [1, 0, 1, 1], [0, 1, 1, 0], [1, 0, 0, 1], [0, 1, 1, 0], [1, 0, 0, 1], [0, 0, 1, 0], [1, 1, 0, 0], [0, 1, 0, 1], [0, 1, 0, 1], [0, 0, 0, 1], [0, 1, 1, 0], [0, 1, 1, 1], [0, 0, 0, 1], [0, 1, 0, 0], [0, 0, 0, 1], [1, 0, 1, 0], [1, 0, 1, 0], [0, 1, 0, 0]]
[[0, 1, 0, 1], [0, 0, 0, 1], [1, 0, 1, 0], [0, 1, 0, 0], [0, 0, 1, 1], [1, 0, 0, 0], [0, 0, 1, 0], [0, 1, 0, 0], [0, 0, 1, 1], [1, 1, 0, 0], [1, 0, 0, 1], [1, 1, 0, 0], [1, 0, 0, 1], [0, 0, 0, 0], [0, 1, 0, 0], [0, 1, 0, 1], [0, 0, 0, 1], [0, 1, 1, 0], [1, 0, 1, 1], [0, 1, 0, 0]]
[[0, 1, 0, 1], [0, 0, 0, 1], [1, 1, 1, 0], [0, 1, 0, 1], [1, 1, 0, 1], [0, 0, 1, 1], [0, 0, 0, 0], [0, 1, 0, 0], [0, 0, 0, 1], [0, 0, 1, 0], [1, 0, 1, 0], [1, 0, 1, 0], [1, 1, 1, 0], [1, 0, 0, 1], [0, 1, 0, 0], [1, 1, 0, 1], [1, 1, 0, 1], [0, 0, 0, 1], [0, 1, 1, 0], [1, 1, 0, 1]]
[[0, 1, 0, 1], [1, 0, 0, 1], [0, 1, 1, 0], [1, 0, 0, 1], [1, 0, 1, 0], [1, 1, 0, 0], [0, 0, 0, 1], [1, 0, 0, 0], [1, 0, 0, 0], [1, 0, 0, 0], [0, 1, 1, 0], [0, 0, 1, 1], [1, 0, 1, 0], [0, 0, 1, 0], [1, 1, 0, 0], [0, 0, 1, 1], [0, 1, 1, 0], [0, 0, 0, 1], [1, 0, 0, 0], [0, 1, 1, 0]]
[[1, 0, 0, 1], [0, 1, 1, 0], [1, 0, 0, 1], [1, 0, 1, 0], [1, 0, 1, 0], [0, 0, 1, 0], [1, 1, 0, 0], [0, 0, 1, 1], [1, 0, 1, 0], [1, 0, 1, 0], [1, 1, 0, 0], [0, 0, 0, 1], [1, 1, 1, 0], [1, 0, 0, 1], [0, 1, 1, 0], [0, 1, 0, 1], [1, 0, 0, 1], [1, 0, 0, 0], [0, 1, 1, 0], [1, 1, 0, 1]]
[[0, 1, 1, 1], [1, 0, 0, 1], [0, 1, 1, 0], [0, 0, 1, 1], [1, 0, 1, 0], [1, 1, 0, 0], [0, 1, 1, 1], [0, 0, 0, 1], [0, 0, 1, 0], [1, 0, 1, 0], [0, 1, 1, 0], [0, 0, 0, 1], [0, 1, 1, 0], [0, 1, 1, 1], [0, 0, 0, 1], [1, 0, 0, 0], [0, 1, 1, 0], [0, 1, 1, 1], [1, 0, 0, 1], [0, 1, 1, 0]]
[[1, 0, 0, 1], [0, 0, 1, 0], [0, 1, 0, 0], [0, 0, 0, 1], [1, 0, 1, 0], [0, 1, 1, 0], [1, 0, 0, 1], [1, 0, 0, 0], [0, 1, 0, 0], [0, 0, 1, 1], [1, 1, 0, 0], [0, 1, 0, 1], [1, 0, 0, 1], [0, 1, 0, 0], [1, 1, 0, 1], [0, 0, 1, 1], [1, 1, 0, 0], [0, 1, 0, 1], [0, 0, 1, 1], [1, 1, 0, 0]]
[[0, 1, 1, 1], [0, 1, 0, 1], [1, 1, 0, 1], [1, 0, 0, 1], [0, 1, 1, 0], [0, 1, 0, 1], [0, 1, 1, 1], [0, 0, 1, 1], [1, 1, 0, 0], [1, 0, 0, 1], [1, 0, 1, 0], [1, 1, 0, 0], [0, 0, 1, 1], [1, 1, 0, 0], [0, 0, 1, 1], [0, 1, 0, 0], [0, 0, 1, 1], [1, 1, 0, 0], [0, 1, 0, 1], [0, 1, 1, 1]]
[[1, 0, 0, 1], [1, 0, 0, 0], [1, 0, 1, 0], [1, 0, 1, 0], [1, 1, 0, 0], [1, 0, 0, 1], [1, 1, 0, 0], [1, 0, 0, 1], [1, 0, 1, 0], [1, 0, 1, 0], [0, 1, 1, 0], [1, 0, 1, 1], [1, 0, 0, 0], [1, 0, 1, 0], [1, 1, 0, 0], [1, 0, 0, 1], [1, 0, 0, 0], [1, 0, 1, 0], [1, 0, 0, 0], [1, 1, 0, 0]]